       0/9     1.82G    0.1051    0.1018   0.04254    0.2494        46       416         0         0 0.0004644  0.000111   0.09882   0.09336   0.03029
       1/9     1.88G   0.09507   0.08759   0.02564    0.2083        46       416   0.02541   0.04169   0.01519   0.00371   0.08362   0.07959   0.02218
       2/9     1.88G   0.08236   0.07966   0.02129    0.1833         9       416   0.02342   0.08535    0.0399   0.01109   0.07206   0.07358   0.01923
       3/9     1.88G   0.07227   0.07763   0.01891    0.1688         4       416   0.08376    0.1363   0.08655   0.02899   0.06448   0.06716   0.01646
       4/9     1.88G   0.06592   0.07495   0.01682    0.1577        25       416   0.07038   0.09727   0.06662   0.02513   0.06382   0.06845   0.01636
       5/9     1.88G   0.06254   0.07199   0.01541    0.1499        20       416    0.1275    0.2428    0.1353   0.04967   0.05532   0.06227   0.01417
       6/9     1.88G   0.05865   0.07069   0.01424    0.1436        17       416    0.1208    0.2435    0.1555   0.05907   0.05362   0.06058   0.01326
       7/9     1.88G    0.0566   0.06991   0.01363    0.1401        24       416    0.1414    0.2945     0.171   0.06794   0.05189   0.05822   0.01252
       8/9     1.88G   0.05474   0.06753   0.01292    0.1352        21       416    0.1739    0.2888    0.1817    0.0755   0.05033   0.05616   0.01196
       9/9     1.88G   0.05353   0.06712   0.01261    0.1333        13       416    0.1663    0.3279     0.196   0.08029   0.04966   0.05612   0.01123
